22
65
86
88
118
133
166
167
177
188
201
203
210
221
226
234
273
278
299
306
311
315
335
360
384
392
398
410
413
414
431
448
464
469
480
494
500
528
532
544
549
557
594
599
606
609
619
628
646
648
655
656
679
696
713
734
739
740
746
764
832
850
851
854
856
862
868
874
884
888
899
918
936
948
970
976
981
982
1001
1010
1012
1034
1046
1057
1058
1059
1062
1064
1076
1101
1102
1107
1112
1116
1120
1138
1150
1184
1196
1201
1206
1207
1214
1216
1220
1274
1278
1282
1298
1329
1342
1356
1361
1379
1380
1391
1397
1409
1416
1436
1437
1455
1466
1477
1478
1523
1534
1544
1563
1566
1594
1602
1607
1608
1614
1624
1646
1655
1656
1667
1668
1676
1678
1682
1688
1694
1704
1705
1713
1714
1716
1725
1736
1748
1765
1768
1776
1792
1795
1806
1821
1832
1836
1842
1844
1846
1847
1851
1852
1868
1878
1882
1886
1896
1931
1937
1940
1944
1946
1958
1963
1964
1968
1976
1992
1998
2001
2033
2034
2061
2112
2127
2129
2132
2149
2150
2156
2158
2166
2179
2189
2194
2216
2261
2270
2272
2287
2290
2294
2308
2324
2346
2354
2369
2384
2388
2392
2450
2456
2459
2466
2470
2474
2482
2488
2523
2524
2542
2582
2585
2588
2590
2601
2608
2610
2632
2643
2665
2676
2691
2692
2726
2742
2764
2768
2774
2777
2809
2813
2818
2826
2832
2845
2866
2870
2879
2893
2908
2924
2928
2952
2960
2984
2992
2994
3002
3022
3049
3054
3058
3060
3071
3075
3082
3083
3087
3112
3118
3120
3127
3150
3188
3207
3234
3252
3256
3280
3282
3286
3290
3296
3297
3318
3319
3322
3326
3356
3358
3361
3373
3374
3406
3410
3418
3422
3424
3444
3466
3476
3486
3488
3492
3497
3498
3501
3518
3522
3525
3557
3563
3572
3577
3579
3587
3590
3597
3598
3601
3606
3642
3658
3670
3671
3673
3678
3683
3688
3703
3726
3732
3741
3755
3772
3783
3793
3804
3860
3926
3931
3933
3956
3974
3986
4010
4014
4015
4053
4056
4060
4076
4097
4100
4104
4133
4142
4150
4160
4170
4178
4180
4234
4238
4240
4242
4247
4250
4272
4314
4350
4404
4480
4500
4506
4516
4532
4534
4554
4555
4562
4566
4568
4584
4588
4606
4619
4624
4633
4686
4690
4703
4707
4718
4719
4738
4758
4762
4763
4780
4818
4851
4868
4878
4888
4912
4915
4926
4927
4931
4936
4938
4954
4956
4958
4962
4979
4982
4986
4990
4995
4996
5002
5004
5005
5006
5017
5026
5034
5058
5059
5086
5089
5112
5122
5126
5128
5130
5134
5138
5142
5146
5149
5151
5162
5168
5172
5178
5192
5210
5218
5252
5257
5271
5278
5282
5284
5290
5302
5305
5306
5318
5329
5342
5364
5371
5372
5374
5380
5397
5408
5411
5416
5434
5441
5453
5458
5462
5477
5490
5502
5504
5509
5511
5532
5544
5562
5565
5566
5596
5602
5616
5640
5647
5650
5664
5682
5696
5716
5729
5730
5731
5734
5746
5762
5767
5780
5828
5830
5850
5876
5900
5905
5906
5916
5918
5941
5970
5972
5980
5993
6002
6004
6010
6016
6018
6024
6026
6036
6071
6072
6096
6110
6133
6134
6137
6140
6149
6154
6172
6176
6193
6201
6208
6226
6229
6234
6259
6264
6267
6284
6291
6295
6320
6334
6338
6339
6346
6366
6367
6402
6409
6422
6439
6488
6492
6524
6539
6540
6554
6567
6568
6579
6582
6586
6588
6596
6610
6612
6614
6617
6630
6634
6636
6638
6645
6658
6661
6676
6689
6690
6700
6726
6732
6761
6768
6814
6832
6860
6861
6882
6909
6923
6924
6932
6968
6973
6990
7004
7005
7006
7024
7038
7042
7059
7062
7063
7084
7086
7090
7106
7112
7128
7166
7183
7195
7212
7214
7220
7222
7238
7257
7258
7265
7272
7292
7304
7340
7346
7374
7386
7402
7410
7438
7441
7448
7475
7482
7496
7499
7508
7511
7538
7546
7568
7602
7612
7616
7636
7654
7662
7690
7698
7728
7744
7746
7754
7758
7761
7784
7790
7798
7812
7824
7825
7886
7893
7913
7920
7964
8000
8053
8078
8125
8136
8157
8162
8164
8174
8178
8186
8240
8256
8303
8314
8318
8324
8336
8338
8348
8349
8362
8378
8389
8398
8402
8408
8421
8422
8438
8444
8448
8449
8460
8478
8495
8496
8507
8643
8687
8718
8725
8740
8750
8753
8766
8774
8814
8818
8830
8837
8838
8846
8857
8860
8898
8926
8938
8958
8967
8990
8996
9057
9070
9071
9085
9088
9100
9114
9132
9156
9166
9172
9178
9180
9195
9224
9264
9290
9304
9323
9328
9330
9336
9352
9396
9397
9400
9434
9522
9573
9606
9632
9671
9672
9687
9689
9737
9740
9859
9889
9898
9904
9978
9991
10000
10003
10004
10008
10019
10020
10026
10032
10073
10098
10113
10122
10136
10173
10179
10190
10197
10208
10228
10281
10294
10299
10302
10308
10327
10332
10415
10430
10445
10474
10478
10480
10498
10501
10531
10545
10548
10607
10609
10620
10634
10635
10637
10649
10658
10687
10690
10712
10714
10732
10741
10773
10774
10778
10781
10798
10806
10832
10835
10874
10882
10884
10888
10932
10951
10982
11006
11015
11060
11097
11098
11110
11119
11153
11155
11195
11196
11260
11274
11342
11349
11400
11410
11423
11424
11462
11472
11475
11531
11538
11569
11572
11590
11607
11610
11619
11633
11639
11641
11642
11660
11664
11697
11707
11720
11730
11732
11746
11832
11843
11857
11914
11916
11935
11947
11982
11998
12016
12020
12022
12045
12056
12072
12110
12114
12205
12209
12236
12244
12251
12313
12321
12348
12375
12377
12461
12473
12476
12482
12494
12500
12514
12516
12543
12578
12606
12612
12646
12658
12667
12691
12694
12701
12702
12711
12724
12727
12729
12744
12757
12827
12842
12848
12850
12852
12853
12858
12960
12986
13025
13032
13074
13085
13087
13106
13110
13124
13159
13184
13185
13199
13200
13239
13258
13268
13274
13297
13322
13360
13380
13449
13466
13473
13474
13500
13503
13558
13562
13576
13578
13587
13626
13651
13659
13671
13676
13688
13748
13776
13792
13799
13804
13806
13830
13833
13861
13873
13880
13882
13893
13918
13926
14060
14061
14100
14101
14104
14143
14168
14186
14190
14240
14251
14279
14296
14298
14316
14319
14320
14348
14372
14391
14405
14434
14443
14456
14504
14541
14582
14612
14649
14656
14658
14664
14665
14672
14684
14740
14763
14845
14849
14862
14874
14908
14913
14924
14925
14936
14937
14942
14945
14954
15012
15060
15124
15128
15144
15177
15199
15205
15214
15260
15274
15352
15364
15442
15501
15502
15523
15558
15583
15594
15601
15624
15656
15658
15659
15682
15696
15767
15787
15805
15818
15819
15846
15877
15878
15930
15960
15961
16040
16049
16050
16075
16094
16132
16144
16163
16196
16210
16258
16276
16277
16280
16286
16289
16304
16316
16342
16407
16422
16424
16526
16558
16572
16598
16614
16634
16635
16721
16722
16789
16792
16825
16907
16954
17020
17027
17039
17066
17106
17137
17146
17176
17194
17238
17241
17260
17281
17300
17367
17383
17385
17390
17433
17439
17499
17547
17550
17552
17580
17630
17636
17650
17663
17694
17696
17715
17718
17719
17758
17774
17804
17913
18004
18057
18076
18126
18157
18207
18225
18235
18236
18260
18264
18272
18314
18324
18326
18392
18401
18426
18467
18479
18492
18493
18506
18608
18625
18648
18652
18711
18748
18778
18788
18791
18814
18955
18962
18966
18969
18972
19026
19079
19125
19176
19252
19345
19349
19424
19425
19431
19433
19449
19450
19458
19520
19521
19547
19562
19572
19764
19785
19786
19800
19802
19856
19864
19866
19876
19884
19907
19934
19946
20002
20009
20042
20070
20097
20181
20184
20271
20278
20302
20356
20401
20414
20421
20424
20444
20450
20470
20472
20484
20486
20522
20567
20609
20611
20623
20625
20720
20856
20914
21041
21042
21062
21073
21104
21250
21252
21306
21317
21318
21338
21363
21374
21385
21427
21444
21457
21520
21523
21540
21615
21616
21694
21714
21721
21743
21758
21775
21783
21804
21824
21847
21885
21903
21938
21949
21990
22044
22056
22165
22231
22242
22276
22294
22323
22328
22334
22415
22438
22448
22449
22500
22518
22532
22603
22636
22732
22791
22806
22807
22859
22884
22912
22921
22936
22947
22958
22975
22976
23080
23082
23134
23165
23166
23218
23248
23250
23264
23272
23273
23299
23302
23308
23350
23371
23388
23393
23396
23431
23436
23454
23457
23475
23483
23495
23504
23510
23566
23616
23657
23674
23680
23720
23727
23780
23796
23798
23810
23814
23880
23936
23941
23945
23948
23962
23968
23980
24007
24009
24025
24026
24044
24051
24055
24105
24164
24171
24174
24203
24220
24243
24244
24263
24264
24358
24360
24467
24473
24476
24480
24489
24526
24536
24582
24588
24615
24629
24631
24692
24710
24711
24717
24720
24781
24868
24954
24989
25077
25188
25250
25257
25262
25266
25326
25392
25410
25422
25448
25450
25466
25476
25489
25497
25503
25514
25516
25530
25545
25568
25639
25679
25683
25710
25785
26002
26003
26043
26044
26050
26095
26120
26156
26161
26190
26242
26248
26325
26369
26371
26389
26504
26512
26592
26606
26607
26631
26655
26664
26675
26676
26716
26765
26770
26848
26853
26857
26866
26868
26887
27016
27018
27059
27060
27212
27302
27408
27412
27417
27419
27424
27448
27450
27493
27524
27562
27564
27742
27772
27792
27810
27826
27830
27872
27876
27877
27878
27928
27953
27974
27983
28084
28114
28262
28280
28439
28440
28485
28489
28504
28508
28572
28593
28666
28795
28831
28846
28847
28869
28870
28881
28886
28951
28953
28972
29098
29102
29107
29177
29190
29214
29236
29306
29408
29416
29424
29472
29475
29487
29567
29604
29617
29638
29644
29654
29680
29739
29768
29818
29825
29827
29847
29888
29903
29922
29923
29930
29934
29993
30022
30030
30068
30070
30100
30123
30128
30139
30141
30240
30250
30283
30372
30473
30476
30502
30663
30667
30702
30722
30723
30738
30742
30792
30869
30870
30885
30886
30903
30909
31040
31044
31106
31111
31122
31126
31275
31300
31302
31312
31405
31414
31418
31419
31484
31486
31546
31561
31570
31583
31585
31604
31676
31929
31941
32000
32004
32009
32089
32094
32113
32124
32127
32128
32255
32294
32433
32467
32509
32580
32640
32662
32664
32750
32851
32863
32912
32922
32945
33015
33058
33061
33144
33199
33268
33323
33331
33333
33350
33384
33386
33392
33393
33464
33493
33512
33600
33606
33689
33721
33727
33782
33786
33852
33878
33904
33916
33947
33950
33960
33961
34013
34018
34264
34284
34328
34447
34526
34644
34648
34657
34679
34699
34733
34833
34904
34914
34936
34961
35087
35142
35196
35204
35216
35276
35282
35358
35361
35379
35381
35433
35437
35443
35448
35454
35456
35571
35576
35579
35626
35627
35631
35639
35663
35666
35686
35738
35740
35824
35840
35844
35868
35922
35990
36071
36103
36130
36172
36369
36390
36391
36394
36397
36420
36423
36528
36548
36556
36557
36560
36562
36642
36672
36725
36728
36748
36842
36847
36848
36850
36865
36953
36959
36965
37170
37183
37218
37239
37317
37320
37357
37471
37478
37492
37514
37517
37554
37569
37582
37584
37608
37696
37698
37754
37774
37808
37809
37862
37889
38047
38053
38055
38082
38085
38201
38338
38339
38459
38644
38649
38670
38676
38767
38792
38842
38897
39103
39104
39126
39130
39145
39146
39160
39169
39170
39204
39207
39431
39435
39476
39539
39543
39604
39630
39694
39695
39749
39750
39775
39794
39880
39882
39902
39906
40036
40084
40110
40148
40168
40170
40335
40341
40391
40550
40554
40561
40602
40603
40702
40707
40827
40833
40882
40984
40990
41042
41046
41100
41107
41118
41134
41136
41180
41214
41219
41223
41241
41243
41284
41302
41328
41638
41704
41713
41814
41840
41852
41913
41956
41986
42009
42072
42074
42213
42218
42271
42374
42403
42405
42436
42649
42686
42705
42759
42828
42831
42836
43073
43116
43120
43144
43148
43176
43184
43261
43266
43332
43336
43382
43444
43450
43535
43537
43602
43646
43722
43736
43753
43804
43997
44003
44011
44075
44088
44099
44163
44167
44173
44188
44189
44211
44330
44332
44387
44514
44564
44799
44871
44932
44994
45020
45050
45051
45070
45071
45129
45132
45384
45388
45413
45582
45608
45642
45654
45684
45736
45742
45767
45872
45921
46047
46065
46070
46153
46186
46279
46312
46339
46363
46370
46411
46419
46456
46458
46464
46472
46474
46533
46535
46566
46630
46667
46672
46675
46684
46742
46743
46771
47119
47210
47266
47276
47291
47321
47349
47433
47440
47451
47462
47464
47488
47602
47633
47635
47659
47697
47877
47898
47930
47935
47937
48002
48191
48256
48294
48306
48312
48318
48556
48607
48634
48748
48907
48929
48930
48940
48973
49034
49038
49212
49213
49226
49304
49437
49438
49484
49491
49528
49556
49724
49725
49747
49777
49808
49816
49912
49914
49984
50007
50062
50102
50145
50155
50188
50237
50239
50260
50497
50504
50528
50534
50622
50837
51040
51140
51313
51341
51512
51514
51540
51562
51570
51612
51614
51773
51775
51780
51858
51935
51937
52015
52057
52082
52089
52096
52120
52127
52132
52210
52263
52268
52479
52552
52555
52854
52933
52969
52998
53073
53098
53107
53245
53248
53376
53412
53717
53884
53894
53902
53924
53998
54025
54039
54048
54090
54114
54115
54131
54347
54355
54371
54398
54473
54531
54646
54756
54766
54893
54912
54930
54937
55006
55018
55286
55288
55361
55379
55524
56030
56088
56098
56205
56208
56326
56385
56400
56406
56581
56585
56640
56642
56679
56680
56738
56767
56771
56774
56808
56813
56844
56946
56948
57087
57216
57300
57412
57562
57666
57689
57693
57752
57788
57820
57974
58018
58072
58218
58256
58268
58356
58360
58427
58524
58584
58590
58653
59129
59131
59262
59271
59300
59382
59493
59703
59719
59738
59746
59748
59768
59860
59923
59934
59970
60012
60018
60144
60307
60311
60336
60345
60354
60355
60389
60413
60770
60792
60797
60812
60826
60895
60939
61052
61060
61206
61212
61385
61700
61790
61793
61844
62182
62332
62385
62389
62520
62716
62773
63052
63239
63274
63320
63360
63380
63477
63635
63642
63643
63665
63672
63751
63836
63843
64228
64337
64395
64551
64770
64832
64837
64860
65081
65173
65222
65251
65444
65479
65485
65746
65803
66348
66471
66491
66575
66742
66743
66842
66951
66956
67026
67029
67138
67142
67178
67192
67540
67541
67737
67763
68097
68418
68618
68686
69143
69278
69286
69421
69488
69575
69669
69700
69709
70298
70315
70505
70510
70714
71355
71373
71572
71575
71757
71776
71959
72365
72382
72487
72491
73083
73088
73095
73149
73237
73335
73373
73432
73650
73736
73747
73756
73782
73786
73853
73856
73914
74002
74675
74700
74703
74721
74793
74794
74882
75539
75656
75666
75715
75716
75720
75842
75843
75949
75951
76093
76101
76190
76303
76512
76523
76568
76653
76672
76808
76843
76853
76989
77012
77150
77315
77400
77402
77552
78262
78356
78546
78557
78671
78687
78788
78793
79311
79340
79401
79526
79652
79656
79742
79752
79769
79832
79869
80060
80082
80287
80638
80639
80653
80717
80744
80827
80846
82146
82168
82347
82429
82568
82657
82686
82744
82856
83012
83140
83228
83237
83255
84295
84685
84740
85018
85068
85072
85644
85673
86020
86028
86219
86222
86429
86453
86460
86464
86795
86807
87065
87566
87904
88055
88462
88694
89045
89046
89390
89653
89674
89836
90000
90345
90393
90923
90943
90978
91194
91255
91337
91339
92518
92526
92766
92769
93022
93120
93128
93304
93365
93968
94376
94803
94840
94898
95073
95162
95369
95390
95496
95668
96404
96427
96428
96682
97903
98148
98162
98473
98513
98539
98689
99335
99609
99641
